url=1111/ZZZ/XXX/YYY.png
minzoom=8
maxzoom=12
center=37.816697 47.960837
type=tms
